mask bits pop lmax cls n V O acc err
85 01010101 4 1 85 6 0 6 100.0000 0
91 01011011 5 1 91 1 0 1 100.0000 0
93 01011101 5 1 87 2 0 2 100.0000 0
95 01011111 6 1 95 1452 189 1263 86.9835 189
107 01101011 5 1 91 2 0 2 100.0000 0
111 01101111 6 1 111 66 20 46 69.6970 20
117 01110101 5 1 87 149 0 149 100.0000 0
119 01110111 6 1 119 41 0 41 100.0000 0
123 01111011 6 1 111 7 0 7 100.0000 0
125 01111101 6 1 95 25 6 19 76.0000 6
127 01111111 7 1 127 5670 1750 3920 69.1358 1750
175 10101111 6 1 95 23 17 6 26.0870 17
181 10110101 5 1 91 4 0 4 100.0000 0
183 10110111 6 1 111 38 0 38 100.0000 0
187 10111011 6 1 119 10 0 10 100.0000 0
189 10111101 6 1 111 10 0 10 100.0000 0
190 10111110 6 1 95 22 10 12 54.5455 10
191 10111111 7 1 127 2256 321 1935 85.7713 321
213 11010101 5 1 87 38 0 38 100.0000 0
215 11010111 6 1 95 102 8 94 92.1569 8
219 11011011 6 1 111 13 1 12 92.3077 1
221 11011101 6 1 119 37 0 37 100.0000 0
222 11011110 6 1 111 49 8 41 83.6735 8
223 11011111 7 1 127 8629 2873 5756 66.7053 2873
235 11101011 6 1 95 37 19 18 48.6486 19
237 11101101 6 1 111 83 18 65 78.3133 18
238 11101110 6 1 119 45 43 2 4.4444 43
239 11101111 7 1 127 1591 1127 464 29.1640 1127
245 11110101 6 1 95 1416 154 1262 89.1243 154
246 11110110 6 1 111 48 10 38 79.1667 10
247 11110111 7 1 127 7292 2198 5094 69.8574 2198
251 11111011 7 1 127 2402 224 2178 90.6744 224
253 11111101 7 1 127 5475 1603 3872 70.7215 1603
254 11111110 7 1 127 248 56 192 77.4194 56
255 11111111 8 0 255 179643 4083 175560 97.7272 4083
