mask bits pop lmax cls n V O acc err
0 00000000 0 8 0 31063053 30122247 940806 96.9713 940806
1 00000001 1 7 1 1797 941 856 52.3651 856
2 00000010 1 7 1 3559 790 2769 22.1972 2769
3 00000011 2 6 3 2568 304 2264 11.8380 2264
4 00000100 1 7 1 4909 591 4318 12.0391 4318
5 00000101 2 5 5 82 10 72 12.1951 72
6 00000110 2 6 3 725 143 582 19.7241 582
7 00000111 3 5 7 385 186 199 48.3117 199
8 00001000 1 7 1 3745 944 2801 25.2069 2801
9 00001001 2 4 9 8 1 7 12.5000 7
10 00001010 2 5 5 55 18 37 32.7273 37
11 00001011 3 4 11 18 1 17 5.5556 17
12 00001100 2 6 3 1199 615 584 51.2927 584
13 00001101 3 4 13 5 1 4 20.0000 4
14 00001110 3 5 7 432 376 56 87.0370 56
15 00001111 4 4 15 80963 79102 1861 97.7014 1861
16 00010000 1 7 1 900 45 855 5.0000 855
17 00010001 2 3 17 13 3 10 23.0769 10
18 00010010 2 4 9 12 1 11 8.3333 11
19 00010011 3 3 19 2 0 2 0.0000 2
20 00010100 2 5 5 83 7 76 8.4337 76
21 00010101 3 3 21 4 0 4 0.0000 4
22 00010110 3 4 11 9 2 7 22.2222 7
23 00010111 4 3 23 80 63 17 78.7500 17
24 00011000 2 6 3 2345 110 2235 4.6908 2235
25 00011001 3 3 25 1 0 1 0.0000 1
26 00011010 3 4 13 24 6 18 25.0000 18
27 00011011 4 3 27 16 3 13 18.7500 13
28 00011100 3 5 7 320 22 298 6.8750 298
29 00011101 4 3 29 326 122 204 37.4233 204
30 00011110 4 4 15 55634 54138 1496 97.3110 1496
31 00011111 5 3 31 391343 332126 59217 84.8683 59217
32 00100000 1 7 1 3245 466 2779 14.3606 2779
33 00100001 2 4 9 14 0 14 0.0000 14
34 00100010 2 3 17 17 0 17 0.0000 17
35 00100011 3 3 25 15 1 14 6.6667 14
36 00100100 2 4 9 22 0 22 0.0000 22
37 00100101 3 2 37 1 1 0 100.0000 0
38 00100110 3 3 19 8 0 8 0.0000 8
39 00100111 4 2 39 1 0 1 0.0000 1
40 00101000 2 5 5 12 0 12 0.0000 12
44 00101100 3 4 11 1 0 1 0.0000 1
47 00101111 5 2 47 991 945 46 95.3582 46
48 00110000 2 6 3 2303 117 2186 5.0803 2186
49 00110001 3 3 19 2 0 2 0.0000 2
50 00110010 3 3 25 19 2 17 10.5263 17
51 00110011 4 2 51 19 3 16 15.7895 16
52 00110100 3 4 13 21 1 20 4.7619 20
53 00110101 4 2 53 11 0 11 0.0000 11
54 00110110 4 3 27 7 0 7 0.0000 7
55 00110111 5 2 55 112 0 112 0.0000 112
56 00111000 3 5 7 130 6 124 4.6154 124
58 00111010 4 3 29 4 0 4 0.0000 4
59 00111011 5 2 59 1 0 1 0.0000 1
60 00111100 4 4 15 86 77 9 89.5349 9
61 00111101 5 2 61 48 0 48 0.0000 48
62 00111110 5 3 31 6097 4548 1549 74.5941 1549
63 00111111 6 2 63 11174 5171 6003 46.2771 6003
64 01000000 1 7 1 4941 654 4287 13.2362 4287
65 01000001 2 5 5 69 6 63 8.6957 63
66 01000010 2 4 9 21 0 21 0.0000 21
67 01000011 3 4 13 14 0 14 0.0000 14
68 01000100 2 3 17 98 4 94 4.0816 94
69 01000101 3 3 21 12 1 11 8.3333 11
70 01000110 3 3 25 2 0 2 0.0000 2
72 01001000 2 4 9 33 1 32 3.0303 32
73 01001001 3 2 37 1 0 1 0.0000 1
74 01001010 3 2 37 2 1 1 50.0000 1
75 01001011 4 2 45 1 0 1 0.0000 1
76 01001100 3 3 19 3 0 3 0.0000 3
77 01001101 4 2 53 1 0 1 0.0000 1
78 01001110 4 2 39 2 1 1 50.0000 1
79 01001111 5 2 61 321 11 310 3.4268 310
80 01010000 2 5 5 80 9 71 11.2500 71
81 01010001 3 3 21 1 1 0 100.0000 0
82 01010010 3 2 37 1 0 1 0.0000 1
83 01010011 4 2 53 1 0 1 0.0000 1
84 01010100 3 3 21 10 0 10 0.0000 10
88 01011000 3 4 11 25 0 25 0.0000 25
92 01011100 4 3 23 4 0 4 0.0000 4
94 01011110 5 2 47 177 12 165 6.7797 165
96 01100000 2 6 3 916 308 608 33.6245 608
97 01100001 3 4 11 11 0 11 0.0000 11
98 01100010 3 3 19 8 0 8 0.0000 8
99 01100011 4 3 27 152 76 76 50.0000 76
100 01100100 3 3 25 5 0 5 0.0000 5
102 01100110 4 2 51 5 0 5 0.0000 5
103 01100111 5 2 59 158 99 59 62.6582 59
104 01101000 3 4 13 2 0 2 0.0000 2
108 01101100 4 3 27 601 576 25 95.8403 25
112 01110000 3 5 7 438 101 337 23.0594 337
113 01110001 4 3 23 344 167 177 48.5465 177
114 01110010 4 2 39 2 0 2 0.0000 2
115 01110011 5 2 55 46 3 43 6.5217 43
116 01110100 4 3 29 2 0 2 0.0000 2
118 01110110 5 2 59 5 1 4 20.0000 4
120 01111000 4 4 15 40 37 3 92.5000 3
121 01111001 5 2 47 5 0 5 0.0000 5
124 01111100 5 3 31 74 23 51 31.0811 51
126 01111110 6 2 63 313 72 241 23.0032 241
128 10000000 1 7 1 3440 627 2813 18.2267 2813
129 10000001 2 6 3 2382 182 2200 7.6406 2200
130 10000010 2 5 5 15 2 13 13.3333 13
131 10000011 3 5 7 435 311 124 71.4943 124
132 10000100 2 4 9 36 1 35 2.7778 35
133 10000101 3 4 11 25 2 23 8.0000 23
134 10000110 3 4 13 146 144 2 98.6301 2
135 10000111 4 4 15 12705 12269 436 96.5683 436
136 10001000 2 3 17 19 1 18 5.2632 18
137 10001001 3 3 19 13 0 13 0.0000 13
139 10001011 4 3 23 2 0 2 0.0000 2
140 10001100 3 3 25 10 0 10 0.0000 10
141 10001101 4 3 27 1 0 1 0.0000 1
142 10001110 4 3 29 23 8 15 34.7826 15
143 10001111 5 3 31 28949 23905 5044 82.5763 5044
144 10010000 2 4 9 1 0 1 0.0000 1
145 10010001 3 3 25 1 0 1 0.0000 1
148 10010100 3 2 37 1 0 1 0.0000 1
151 10010111 5 2 47 155 20 135 12.9032 135
152 10011000 3 3 19 19 1 18 5.2632 18
153 10011001 4 2 51 11 0 11 0.0000 11
154 10011010 4 2 53 4 0 4 0.0000 4
155 10011011 5 2 55 76 27 49 35.5263 49
156 10011100 4 2 39 2 0 2 0.0000 2
157 10011101 5 2 59 14 0 14 0.0000 14
158 10011110 5 2 61 1630 1578 52 96.8098 52
159 10011111 6 2 63 14979 7980 6999 53.2746 6999
160 10100000 2 5 5 157 126 31 80.2548 31
161 10100001 3 4 13 30 5 25 16.6667 25
163 10100011 4 3 29 14 13 1 92.8571 1
164 10100100 3 2 37 1 0 1 0.0000 1
167 10100111 5 2 61 8 0 8 0.0000 8
176 10110000 3 4 11 273 238 35 87.1795 35
177 10110001 4 3 27 22 6 16 27.2727 16
178 10110010 4 2 43 1 0 1 0.0000 1
179 10110011 5 2 59 19 7 12 36.8421 12
180 10110100 4 2 45 2 0 2 0.0000 2
184 10111000 4 3 23 6 0 6 0.0000 6
192 11000000 2 6 3 790 175 615 22.1519 615
193 11000001 3 5 7 312 97 215 31.0897 215
194 11000010 3 4 11 3 0 3 0.0000 3
195 11000011 4 4 15 8795 8535 260 97.0438 260
196 11000100 3 3 19 3 0 3 0.0000 3
197 11000101 4 3 23 5 1 4 20.0000 4
198 11000110 4 3 27 1 0 1 0.0000 1
199 11000111 5 3 31 17157 13786 3371 80.3520 3371
200 11001000 3 3 25 7 0 7 0.0000 7
201 11001001 4 2 39 4 0 4 0.0000 4
203 11001011 5 2 47 23 0 23 0.0000 23
204 11001100 4 2 51 1 0 1 0.0000 1
205 11001101 5 2 55 2 1 1 50.0000 1
206 11001110 5 2 59 540 523 17 96.8519 17
207 11001111 6 2 63 2180 1133 1047 51.9725 1047
208 11010000 3 4 13 8 2 6 25.0000 6
209 11010001 4 3 29 1 0 1 0.0000 1
211 11010011 5 2 61 257 124 133 48.2490 133
216 11011000 4 3 27 3 1 2 33.3333 2
217 11011001 5 2 59 20 0 20 0.0000 20
220 11011100 5 2 55 1 0 1 0.0000 1
224 11100000 3 5 7 857 803 54 93.6989 54
225 11100001 4 4 15 60785 59440 1345 97.7873 1345
226 11100010 4 3 23 194 193 1 99.4845 1
227 11100011 5 3 31 21907 18208 3699 83.1150 3699
228 11100100 4 2 39 1 0 1 0.0000 1
229 11100101 5 2 47 431 11 420 2.5522 420
230 11100110 5 2 55 339 339 0 100.0000 0
231 11100111 6 2 63 1455 708 747 48.6598 747
233 11101001 5 2 61 1074 903 171 84.0782 171
240 11110000 4 4 15 56148 54718 1430 97.4532 1430
241 11110001 5 3 31 392308 330751 61557 84.3090 61557
242 11110010 5 2 47 2131 2105 26 98.7799 26
243 11110011 6 2 63 12992 6473 6519 49.8230 6519
244 11110100 5 2 61 210 27 183 12.8571 183
248 11111000 5 3 31 9171 6294 2877 68.6294 2877
249 11111001 6 2 63 10826 5015 5811 46.3237 5811
252 11111100 6 2 63 459 157 302 34.2048 302
